0 0 500000 10000 500
           1
         3792
           2
    3791  1  0.0000000D+00  1  0.0000000D+00  1  0.0000000D+00
          1  0.0000000D+00  1  0.0000000D+00  1  0.0000000D+00
    3792  1  0.0000000D+00  1  0.0000000D+00  0 -5.0000000D+08
          1  0.0000000D+00  1  0.0000000D+00  1  0.0000000D+00
      0 -0.2000000E+02  0.6100000E+03   1  0.0000000E+00 -0.1796602E+04
      0 -0.2000000E+02  0.6100000E+03   1  0.0000000E+00 -0.1749520E+04
      0 -0.2000000E+02  0.2000000E+04   1  0.0000000E+00 -0.2246029E+04
155.0d0  0.25d0  -1.45d-3  3792  3792  0.0

        Freq    Diame     Inc     ID   ID   pret